automl_id: automl_20260210_125516
best_results: {}
budget_hours: 6.0
current_hp_config: {}
current_iteration: 0
current_phase: hp_search
current_reward_config: {}
current_stage: stage1_flat
curriculum_progress:
  stage1_flat: pending
  stage2a_waves: pending
  stage2b_stairs: pending
  stage2c_obstacles: pending
elapsed_hours: 0.48288170722222223
hp_search_history:
- hp_config:
    discount_factor: 0.99
    entropy_loss_scale: 0.009457450632567173
    grad_norm_clip: 1.0
    lambda_param: 0.95
    learning_epochs: 6
    learning_rate: 0.0005146294368784588
    mini_batches: 32
    policy_hidden_layer_sizes:
    - 256
    - 128
    - 64
    ratio_clip: 0.2
    rollouts: 24
    value_hidden_layer_sizes:
    - 512
    - 256
    - 128
  metrics:
    episode_length_mean: 0.0
    episode_reward_mean: 1.43144191801548
    episode_reward_std: 0.5167719125747681
    success_rate: 0.2225891100242734
    termination_rate: 0.0
  reward_config:
    action_rate: -0.021659458151589657
    alive_bonus: 0.2016491250323177
    ang_vel_xy: -0.03
    approach_scale: 16.04895949794593
    arrival_bonus: 84.87354859809071
    boundary_penalty: -2.60351296536433
    distance_progress: 0.6426080930318963
    dof_acc: -2.5e-07
    dof_vel: -5.0e-05
    fine_position_tracking: 5.9114217901213815
    forward_velocity: 1.330199719887271
    heading_tracking: 0.40481355289438775
    inner_fence_bonus: 28.22430930324546
    lin_vel_z: -0.343661030824936
    near_target_speed: -1.2057131852722542
    orientation: -0.06123636311000434
    position_tracking: 0.8914696891501204
    stop_scale: 3.79675506463355
    termination: -150
    torques: -1.0e-05
    zero_ang_bonus: 12.886839547056425
  score: 0.4478678851947188
  trial: 0
mode: stage
start_time: '2026-02-10T12:55:16.544492'
status: running
