automl_id: automl_20260221_012214
best_results: {}
budget_hours: 14.0
current_hp_config: {}
current_iteration: 0
current_phase: curriculum
current_reward_config: {}
current_stage: stage1_flat
curriculum_progress:
  stage1_flat: pending
  stage2a_waves: pending
  stage2b_stairs: pending
  stage2c_obstacles: pending
elapsed_hours: 0.34625105361111114
hp_search_history:
- hp_config:
    discount_factor: 0.999
    entropy_loss_scale: 0.004520858231828219
    grad_norm_clip: 1.0
    lambda_param: 0.99
    learning_epochs: 6
    learning_rate: 0.0006023366222341921
    mini_batches: 16
    policy_hidden_layer_sizes:
    - 512
    - 256
    - 128
    ratio_clip: 0.2
    rollouts: 24
    value_hidden_layer_sizes:
    - 512
    - 256
    - 128
  metrics:
    episode_length_mean: 1688.083487374442
    episode_reward_mean: 3.8098533153533936
    episode_reward_std: 0.32515525817871094
    success_rate: 0.1296248584985733
    termination_rate: 0.0003093976048486573
    wp_idx_mean: 0.18402401783636638
  reward_config:
    action_rate: -0.04626738819636117
    alive_bonus: 2.498844739105836
    alive_decay_horizon: 3545.103052219685
    ang_vel_xy: -0.07668614710785213
    celebration_bonus: 120.81892948350988
    crouch_penalty: -1.1136342587714498
    dof_pos: -0.02013452472770333
    drag_foot_penalty: -0.2910913267389769
    foot_clearance: 0.44111464417670015
    foot_clearance_bump_boost: 11.537384278524934
    forward_velocity: 4.968764341297905
    impact_penalty: -0.06252323148996072
    jump_reward: 7.548220327663893
    lin_vel_z: -0.0389430012324023
    orientation: -0.010946051385616037
    per_jump_bonus: 46.78514799783631
    phase_bonus: 99.75361356129834
    position_tracking: 1.1162930350894484
    stagnation_penalty: -1.0926445223950227
    stance_ratio: 0.0005433805447400131
    swing_contact_bump_scale: 0.5338021855274954
    swing_contact_penalty: -0.004939729285631217
    termination: -150
    torque_saturation: -0.06802686736870357
    waypoint_approach: 611.0095889863445
    waypoint_bonus: 27.221050870026623
    waypoint_facing: 0.6364598743875678
    zone_approach: 245.35504038340005
  score: 0.23519629341920423
  trial: 0
mode: hp-search
start_time: '2026-02-21T01:22:14.669813'
status: running
