automl_id: automl_20260210_002621
best_results: {}
budget_hours: 8.0
current_hp_config: {}
current_iteration: 1
current_phase: hp_search
current_reward_config: {}
current_stage: stage1_flat
curriculum_progress:
  stage1_flat: pending
  stage2a_waves: pending
  stage2b_stairs: pending
  stage2c_obstacles: pending
elapsed_hours: 0.5044441291666667
hp_search_history:
- hp_config:
    discount_factor: 0.99
    entropy_loss_scale: 0.005631428727602418
    grad_norm_clip: 1.0
    lambda_param: 0.95
    learning_epochs: 4
    learning_rate: 0.0002302329457706137
    mini_batches: 32
    policy_hidden_layer_sizes:
    - 512
    - 256
    - 128
    ratio_clip: 0.2
    rollouts: 32
    value_hidden_layer_sizes:
    - 256
    - 256
    - 256
  metrics:
    episode_length_mean: 0.0
    episode_reward_mean: 2.327754270285368
    episode_reward_std: 0.7138923406600952
    success_rate: 0.05893402156652883
    termination_rate: 0.0
  reward_config:
    action_rate: -0.01188764797224183
    alive_bonus: 0.0984186663427123
    ang_vel_xy: -0.03
    approach_scale: 25.326968913233557
    arrival_bonus: 76.204327895512
    boundary_penalty: -3.403203228181244
    distance_progress: 1.9950331676603392
    dof_acc: -2.5e-07
    dof_vel: -5.0e-05
    fine_position_tracking: 8.582713075307474
    forward_velocity: 1.336977265846007
    heading_tracking: 1.1065559459930943
    inner_fence_bonus: 60.652090244382464
    lin_vel_z: -0.4602550145723771
    near_target_speed: -2.466587733373821
    orientation: -0.0804241917717388
    position_tracking: 2.888199973860777
    stop_scale: 6.334292714880447
    termination: -150
    torques: -1.0e-05
    zero_ang_bonus: 4.6302816465205066
  score: 0.358637955642771
  trial: 0
- hp_config:
    discount_factor: 0.99
    entropy_loss_scale: 0.006025418875448697
    grad_norm_clip: 1.0
    lambda_param: 0.95
    learning_epochs: 6
    learning_rate: 0.00043391977829516584
    mini_batches: 32
    policy_hidden_layer_sizes:
    - 256
    - 128
    - 64
    ratio_clip: 0.2
    rollouts: 24
    value_hidden_layer_sizes:
    - 512
    - 256
    - 128
  metrics:
    episode_length_mean: 0.0
    episode_reward_mean: 1.479036808013916
    episode_reward_std: 0.0
    success_rate: 0.03248193487524986
    termination_rate: 0.0
  reward_config:
    action_rate: -0.005336780346302816
    alive_bonus: 0.11449304502806361
    ang_vel_xy: -0.03
    approach_scale: 40.45764268825158
    arrival_bonus: 130.19060169937896
    boundary_penalty: -4.442995408144142
    distance_progress: 1.0919008031874657
    dof_acc: -2.5e-07
    dof_vel: -5.0e-05
    fine_position_tracking: 11.99516440930778
    forward_velocity: 1.7706070787562758
    heading_tracking: 0.30116540571345896
    inner_fence_bonus: 30.258150693436228
    lin_vel_z: -0.22692374491625206
    near_target_speed: -0.708727612769052
    orientation: -0.02471568315998965
    position_tracking: 1.7333844544037973
    stop_scale: 5.967082201259598
    termination: -75
    torques: -1.0e-05
    zero_ang_bonus: 9.271684212927319
  score: 0.33427952900528907
  trial: 1
mode: stage
start_time: '2026-02-10T00:26:21.496003'
status: running
